0	0	0.1	0.0909081	0.0952376
0.005	0.0951622	0.189999	0.173549	0.181403
0.01	0.181267	0.270995	0.248673	0.259359
0.015	0.259173	0.343887	0.316963	0.329886
0.02	0.329662	0.409485	0.37904	0.393691
0.025	0.393438	0.468518	0.435468	0.451414
0.03	0.451139	0.521643	0.48676	0.503634
0.035	0.503344	0.569449	0.533385	0.550875
0.04	0.550575	0.61247	0.575765	0.593612
0.045	0.593307	0.651184	0.614288	0.632275
0.05	0.631967	0.686022	0.649305	0.66725
0.055	0.666945	0.717372	0.681134	0.698891
0.06	0.698589	0.745584	0.710067	0.727515
0.065	0.727219	0.770972	0.736366	0.75341
0.07	0.753122	0.793819	0.760272	0.776837
0.075	0.776557	0.81438	0.782002	0.79803
0.08	0.79776	0.832883	0.801755	0.817203
0.085	0.816944	0.849535	0.819712	0.83455
0.09	0.834301	0.864521	0.836035	0.850243
0.095	0.850006	0.878008	0.850874	0.864442
0.1	0.864216	0.890147	0.864363	0.877288
0.105	0.877073	0.901072	0.876627	0.888912
0.11	0.888708	0.910906	0.887776	0.899429
0.115	0.899236	0.919757	0.897912	0.908945
0.12	0.908762	0.927724	0.907128	0.917556
0.125	0.917384	0.934896	0.915507	0.925348
0.13	0.925186	0.941353	0.923126	0.932399
0.135	0.932247	0.947165	0.930053	0.938781
0.14	0.938638	0.952398	0.936353	0.944556
0.145	0.944422	0.957109	0.942081	0.949783
0.15	0.949657	0.961351	0.94729	0.954514
0.155	0.954396	0.96517	0.952027	0.958796
0.16	0.958686	0.96861	0.956336	0.962672
0.165	0.962569	0.971707	0.960255	0.966181
0.17	0.966085	0.974497	0.963819	0.969357
0.175	0.969268	0.977009	0.967061	0.972233
0.18	0.97215	0.979272	0.97001	0.974837
0.185	0.97476	0.981311	0.972694	0.977195
0.19	0.977123	0.983147	0.975135	0.97933
0.195	0.979263	0.984802	0.977355	0.981263
0.2	0.981201	0.986292	0.979376	0.983014
0.205	0.982956	0.987635	0.981215	0.9846
0.21	0.984547	0.988846	0.982888	0.986037
0.215	0.985987	0.989936	0.984411	0.987338
0.22	0.987292	0.99092	0.985797	0.988517
0.225	0.988474	0.991806	0.987059	0.989585
0.23	0.989545	0.992605	0.988207	0.990552
0.235	0.990516	0.993325	0.989253	0.991429
0.24	0.991395	0.993974	0.990205	0.992224
0.245	0.992193	0.99456	0.991071	0.992944
0.25	0.992915	0.995088	0.99186	0.993597
0.255	0.99357	0.995564	0.992579	0.994189
0.26	0.994164	0.995993	0.993233	0.994725
0.265	0.994702	0.996381	0.993829	0.995212
0.27	0.99519	0.996731	0.994372	0.995653
0.275	0.995633	0.997046	0.994867	0.996052
0.28	0.996034	0.997331	0.995318	0.996415
0.285	0.996398	0.997588	0.995728	0.996744
0.29	0.996729	0.997819	0.996102	0.997043
0.295	0.997028	0.998029	0.996443	0.997313
0.3	0.9973	0.998218	0.996754	0.997559
0.305	0.997547	0.998388	0.997037	0.997782
0.31	0.997771	0.998543	0.997296	0.997984
0.315	0.997974	0.998682	0.997531	0.998168
0.32	0.998158	0.998807	0.997746	0.998334
0.325	0.998326	0.998921	0.997942	0.998486
0.33	0.998478	0.999024	0.99812	0.998623
0.335	0.998616	0.999116	0.998283	0.998748
0.34	0.998741	0.9992	0.998431	0.998861
0.345	0.998855	0.999276	0.998567	0.998964
0.35	0.998958	0.999344	0.99869	0.999057
0.355	0.999052	0.999406	0.998803	0.999142
0.36	0.999137	0.999462	0.998906	0.99922
0.365	0.999215	0.999513	0.999	0.99929
0.37	0.999285	0.999559	0.999086	0.999353
0.375	0.999349	0.9996	0.999164	0.999411
0.38	0.999408	0.999637	0.999236	0.999464
0.385	0.999461	0.999671	0.999301	0.999512
0.39	0.999509	0.999702	0.999361	0.999555
0.395	0.999553	0.99973	0.999415	0.999595
0.4	0.999592	0.999755	0.999465	0.999631
0.405	0.999629	0.999778	0.99951	0.999664
0.41	0.999661	0.999798	0.999552	0.999693
0.415	0.999691	0.999817	0.99959	0.999721
0.42	0.999719	0.999834	0.999624	0.999745
0.425	0.999744	0.999849	0.999656	0.999768
0.43	0.999766	0.999863	0.999685	0.999788
0.435	0.999787	0.999876	0.999712	0.999807
0.44	0.999805	0.999887	0.999736	0.999824
0.445	0.999823	0.999898	0.999758	0.999839
0.45	0.999838	0.999907	0.999778	0.999853
0.455	0.999852	0.999915	0.999797	0.999866
0.46	0.999865	0.999923	0.999814	0.999878
0.465	0.999877	0.99993	0.999829	0.999888
0.47	0.999888	0.999937	0.999844	0.999898
0.475	0.999897	0.999942	0.999857	0.999907
0.48	0.999906	0.999948	0.999868	0.999915
0.485	0.999914	0.999952	0.999879	0.999922
0.49	0.999922	0.999957	0.999889	0.999929
0.495	0.999929	0.99996	0.999898	0.999935
0.5	0.999935	0.999964	0.999907	0.999941
0.505	0.99994	0.999967	0.999914	0.999946
0.51	0.999945	0.99997	0.999922	0.999951
0.515	0.99995	0.999973	0.999928	0.999955
0.52	0.999954	0.999975	0.999934	0.999959
0.525	0.999958	0.999978	0.999939	0.999962
0.53	0.999962	0.99998	0.999944	0.999965
0.535	0.999965	0.999981	0.999949	0.999968
0.54	0.999968	0.999983	0.999953	0.999971
0.545	0.999971	0.999984	0.999957	0.999973
0.55	0.999973	0.999986	0.99996	0.999976
0.555	0.999975	0.999987	0.999963	0.999978
0.56	0.999978	0.999988	0.999966	0.99998
0.565	0.999979	0.999989	0.999969	0.999981
0.57	0.999981	0.99999	0.999972	0.999983
0.575	0.999983	0.999991	0.999974	0.999984
0.58	0.999984	0.999992	0.999976	0.999986
0.585	0.999986	0.999993	0.999978	0.999987
0.59	0.999987	0.999993	0.99998	0.999988
0.595	0.999988	0.999994	0.999981	0.999989
0.6	0.999989	0.999994	0.999983	0.99999
0.605	0.99999	0.999995	0.999984	0.999991
0.61	0.999991	0.999995	0.999985	0.999991
0.615	0.999991	0.999996	0.999987	0.999992
0.62	0.999992	0.999996	0.999988	0.999993
0.625	0.999993	0.999996	0.999989	0.999993
0.63	0.999993	0.999997	0.99999	0.999994
0.635	0.999994	0.999997	0.99999	0.999994
0.64	0.999994	0.999997	0.999991	0.999995
0.645	0.999995	0.999997	0.999992	0.999995
0.65	0.999995	0.999998	0.999992	0.999996
0.655	0.999996	0.999998	0.999993	0.999996
0.66	0.999996	0.999998	0.999994	0.999996
0.665	0.999996	0.999998	0.999994	0.999997
0.67	0.999997	0.999998	0.999995	0.999997
0.675	0.999997	0.999999	0.999995	0.999997
0.68	0.999997	0.999999	0.999995	0.999997
0.685	0.999997	0.999999	0.999996	0.999998
0.69	0.999998	0.999999	0.999996	0.999998
0.695	0.999998	0.999999	0.999996	0.999998
0.7	0.999998	0.999999	0.999997	0.999998
0.705	0.999998	0.999999	0.999997	0.999998
0.71	0.999998	0.999999	0.999997	0.999998
0.715	0.999998	0.999999	0.999997	0.999999
0.72	0.999999	0.999999	0.999998	0.999999
0.725	0.999999	0.999999	0.999998	0.999999
0.73	0.999999	0.999999	0.999998	0.999999
0.735	0.999999	0.999999	0.999998	0.999999
0.74	0.999999	1	0.999998	0.999999
0.745	0.999999	1	0.999998	0.999999
0.75	0.999999	1	0.999998	0.999999
0.755	0.999999	1	0.999999	0.999999
0.76	0.999999	1	0.999999	0.999999
0.765	0.999999	1	0.999999	0.999999
0.77	0.999999	1	0.999999	0.999999
0.775	0.999999	1	0.999999	0.999999
0.78	0.999999	1	0.999999	1
0.785	0.999999	1	0.999999	1
0.79	1	1	0.999999	1
0.795	1	1	0.999999	1
0.8	1	1	0.999999	1
0.805	1	1	0.999999	1
0.81	1	1	0.999999	1
0.815	1	1	0.999999	1
0.82	1	1	0.999999	1
0.825	1	1	1	1
0.83	1	1	1	1
0.835	1	1	1	1
0.84	1	1	1	1
0.845	1	1	1	1
0.85	1	1	1	1
0.855	1	1	1	1
0.86	1	1	1	1
0.865	1	1	1	1
0.87	1	1	1	1
0.875	1	1	1	1
0.88	1	1	1	1
0.885	1	1	1	1
0.89	1	1	1	1
0.895	1	1	1	1
0.9	1	1	1	1
0.905	1	1	1	1
0.91	1	1	1	1
0.915	1	1	1	1
0.92	1	1	1	1
0.925	1	1	1	1
0.93	1	1	1	1
0.935	1	1	1	1
0.94	1	1	1	1
0.945	1	1	1	1
0.95	1	1	1	1
0.955	1	1	1	1
0.96	1	1	1	1
0.965	1	1	1	1
0.97	1	1	1	1
0.975	1	1	1	1
0.98	1	1	1	1
0.985	1	1	1	1
0.99	1	1	1	1
0.995	1	1	1	1
