-1.0000000000000000e+00 -2.7783846855163574e+00 -2.9289770126342773e+00 -1.3013925552368164e+00 -2.4786307811737061e+00 -1.4376684427261353e+00 -1.4666358232498169e+00 -3.6030488014221191e+00 
-1.1760911941528320e+00 -3.1303884983062744e+00 -3.2806816101074219e+00 -1.4772802591323853e+00 -2.8300230503082275e+00 -1.6182535886764526e+00 -1.6375749111175537e+00 -4.1290941238403320e+00 
-1.3521825075149536e+00 -3.4826235771179199e+00 -3.6330988407135010e+00 -1.6532926559448242e+00 -3.1817507743835449e+00 -1.7974269390106201e+00 -1.8102947473526001e+00 -4.6766724586486816e+00 
-1.5282737016677856e+00 -3.8348453044891357e+00 -3.9871761798858643e+00 -1.8293310403823853e+00 -3.5336384773254395e+00 -1.9756512641906738e+00 -1.9841930866241455e+00 -5.1671323776245117e+00 
-1.7043650150299072e+00 -4.1864972114562988e+00 -4.3309583663940430e+00 -2.0054068565368652e+00 -3.8862633705139160e+00 -2.1530992984771729e+00 -2.1589050292968750e+00 -5.6933760643005371e+00 
-1.8804562091827393e+00 -4.5389780998229980e+00 -4.7088460922241211e+00 -2.1813976764678955e+00 -4.2388443946838379e+00 -2.3304536342620850e+00 -2.3340976238250732e+00 -5.4627890586853027e+00 
-2.0565474033355713e+00 -4.8922815322875977e+00 -5.1491727828979492e+00 -2.3572638034820557e+00 -4.5892362594604492e+00 -2.5077404975891113e+00 -2.5097281932830811e+00 -5.1824607849121094e+00 
-2.2326388359069824e+00 -5.2424488067626953e+00 -5.2704772949218750e+00 -2.5341928005218506e+00 -4.9459662437438965e+00 -2.6845281124114990e+00 -2.6867876052856445e+00 -5.1555280685424805e+00 
-2.4087300300598145e+00 -5.5912513732910156e+00 -5.5434784889221191e+00 -2.7087702751159668e+00 -5.3004407882690430e+00 -2.8632564544677734e+00 -2.8650741577148438e+00 -5.0494904518127441e+00 
-2.5848212242126465e+00 -5.9236898422241211e+00 -4.8445086479187012e+00 -2.8840091228485107e+00 -5.6684174537658691e+00 -3.0364665985107422e+00 -3.0502240657806396e+00 -4.9561543464660645e+00 
-2.7609124183654785e+00 -6.3216300010681152e+00 -5.0633521080017090e+00 -3.0658452510833740e+00 -5.9694476127624512e+00 -3.2145895957946777e+00 -3.2270278930664062e+00 -4.8093247413635254e+00 
-2.9370038509368896e+00 -6.7475986480712891e+00 -4.7653274536132812e+00 -3.2462899684906006e+00 -6.3216300010681152e+00 -3.4323983192443848e+00 -3.3938105106353760e+00 -4.6621413230895996e+00 
-3.1130950450897217e+00 -7.2247200012207031e+00 -4.3673872947692871e+00 -3.4126057624816895e+00 -6.6226596832275391e+00 -3.7233867645263672e+00 -3.5608305931091309e+00 -5.5684623718261719e+00 
-3.2891862392425537e+00 -inf -4.3667845726013184e+00 -3.6344218254089355e+00 -6.9236898422241211e+00 -4.1362295150756836e+00 -3.7986969947814941e+00 -4.3034100532531738e+00 
-3.4652776718139648e+00 -inf -4.3673872947692871e+00 -3.7593331336975098e+00 -6.9236898422241211e+00 -4.3673872947692871e+00 -4.3673872947692871e+00 -5.2560687065124512e+00 
-3.6413688659667969e+00 -inf -4.3554883003234863e+00 -7.3594055175781250e+00 -inf -4.3554883003234863e+00 -4.3554883003234863e+00 -3.6415350437164307e+00 
-3.8174600601196289e+00 -inf -4.3554883003234863e+00 -7.3594055175781250e+00 -inf -4.3554883003234863e+00 -4.3554883003234863e+00 -3.8177094459533691e+00 
-3.9935512542724609e+00 -inf -3.6028168201446533e+00 -7.3594055175781250e+00 -inf -3.2650585174560547e+00 -4.3554883003234863e+00 -3.9939255714416504e+00 
-4.1696424484252930e+00 -inf -3.7191629409790039e+00 -7.3594055175781250e+00 -inf -3.6028168201446533e+00 -3.1997418403625488e+00 -4.1702041625976562e+00 
-4.3457336425781250e+00 -inf -3.3281385898590088e+00 -7.3594055175781250e+00 -inf -2.9467670917510986e+00 -3.7191629409790039e+00 -4.3465762138366699e+00 
-4.5218253135681152e+00 -inf -2.8354120254516602e+00 -7.3594055175781250e+00 -inf -2.6105189323425293e+00 -3.3281385898590088e+00 -4.5230894088745117e+00 
-4.6979165077209473e+00 -inf -2.9927918910980225e+00 -7.3594055175781250e+00 -inf -3.3281385898590088e+00 -2.6014912128448486e+00 -4.6998138427734375e+00 
-4.8740077018737793e+00 -inf -3.5630965232849121e+00 -7.3594055175781250e+00 -inf -2.7085680961608887e+00 -2.6015017032623291e+00 -4.8768563270568848e+00 
-5.0500988960266113e+00 -inf -2.8574943542480469e+00 -7.3594055175781250e+00 -inf -2.7085680961608887e+00 -2.3248610496520996e+00 -5.0543780326843262e+00 
-5.2261900901794434e+00 -inf -3.5468392372131348e+00 -7.3594055175781250e+00 -inf -2.2756521701812744e+00 -2.3248610496520996e+00 -5.2326235771179199e+00 
-5.4022812843322754e+00 -inf -2.1401722431182861e+00 -7.3594055175781250e+00 -inf -3.5468392372131348e+00 -1.8307096958160400e+00 -5.4119610786437988e+00 
-5.5783724784851074e+00 -inf -2.3929011821746826e+00 -7.3594055175781250e+00 -inf -1.8143223524093628e+00 -2.1401722431182861e+00 -5.5929675102233887e+00 
-5.7544636726379395e+00 -inf -1.6782180070877075e+00 -7.3594055175781250e+00 -inf -1.4212334156036377e+00 -2.3929076194763184e+00 -5.7765030860900879e+00 
-5.9305553436279297e+00 -inf -1.5309885740280151e+00 -7.3594055175781250e+00 -inf -1.2608764171600342e+00 -2.3929076194763184e+00 -5.9640164375305176e+00 
-6.1066465377807617e+00 -inf -1.7760939598083496e+00 -7.3594055175781250e+00 -inf -1.2608764171600342e+00 -1.6705676317214966e+00 -6.1577463150024414e+00 
-6.2827377319335938e+00 -inf -1.4461829662322998e+00 -7.3594055175781250e+00 -inf -1.0317932367324829e+00 -1.6705676317214966e+00 -6.3616533279418945e+00 
-6.4588289260864258e+00 -inf -1.1913319826126099e+00 -7.3594055175781250e+00 -inf -8.2365673780441284e-01 -1.6705676317214966e+00 -6.5824160575866699e+00 
-6.6349201202392578e+00 -inf -1.1923880577087402e+00 -7.3594055175781250e+00 -inf -1.1913319826126099e+00 -7.1491450071334839e-01 -6.8357353210449219e+00 
-6.8110113143920898e+00 -inf -5.8966773748397827e-01 -7.3594055175781250e+00 -inf -3.4668627381324768e-01 -1.1913323402404785e+00 -7.1560807228088379e+00 
-6.9871025085449219e+00 -inf -7.9370868206024170e-01 -7.3594055175781250e+00 -inf -3.4668627381324768e-01 -8.9109367132186890e-01 -7.6787567138671875e+00 
-7.1631941795349121e+00 -inf -5.6359499692916870e-01 -7.3594055175781250e+00 -inf -7.9370856285095215e-01 -1.5051500499248505e-01 -7.9438858032226562e+00 
-7.3392853736877441e+00 -inf -1.2504556179046631e+00 -7.3594055175781250e+00 -inf -2.2566086053848267e-01 -1.5051500499248505e-01 -7.4683709144592285e+00 
-7.5153765678405762e+00 -inf -5.6977874040603638e-01 -7.3594055175781250e+00 -inf 9.5409266650676727e-02 -1.5051500499248505e-01 -7.3594055175781250e+00 
-7.6914677619934082e+00 -inf -1.5051500499248505e-01 -7.3594055175781250e+00 -inf -1.5051500499248505e-01 -1.5051500499248505e-01 -7.3594055175781250e+00 
-7.8675589561462402e+00 -inf -1.5051500499248505e-01 -7.3594055175781250e+00 -inf -1.5051500499248505e-01 -1.5051500499248505e-01 -7.3594055175781250e+00 
-8.0436506271362305e+00 -inf -1.5051500499248505e-01 -7.3594055175781250e+00 -inf -1.5051500499248505e-01 -1.5051500499248505e-01 -7.7176227569580078e+00 
-8.2197418212890625e+00 -inf -1.5051500499248505e-01 -7.3594055175781250e+00 -inf -1.5051500499248505e-01 -1.5051500499248505e-01 -8.1622171401977539e+00 
-8.3958330154418945e+00 -inf -1.5051500499248505e-01 -7.3594055175781250e+00 -inf -1.5051500499248505e-01 -1.5051500499248505e-01 -7.1753954887390137e+00 
-8.5719242095947266e+00 -inf -1.5051500499248505e-01 -7.3594055175781250e+00 -inf -1.5051500499248505e-01 -1.5051500499248505e-01 -6.9135832786560059e+00 
-8.7480154037475586e+00 -inf -1.5051500499248505e-01 -7.3594055175781250e+00 -inf -1.5051500499248505e-01 -1.5051500499248505e-01 -6.6885013580322266e+00 
-8.9241065979003906e+00 -inf -1.5051500499248505e-01 -7.3594055175781250e+00 -inf -1.5051500499248505e-01 -1.5051500499248505e-01 -6.4825730323791504e+00 
-9.1001977920532227e+00 -inf -1.5051500499248505e-01 -7.3594055175781250e+00 -inf -1.5051500499248505e-01 -1.5051500499248505e-01 -6.2876715660095215e+00 
-9.2762889862060547e+00 -inf -1.5051500499248505e-01 -7.3594055175781250e+00 -inf -1.5051500499248505e-01 -1.5051500499248505e-01 -6.0994782447814941e+00 
-9.4523801803588867e+00 -inf -1.5051500499248505e-01 -7.3594055175781250e+00 -inf -1.5051500499248505e-01 -1.5051500499248505e-01 -5.9155020713806152e+00 
-9.6284713745117188e+00 -inf -1.5051500499248505e-01 -7.3594055175781250e+00 -inf -1.5051500499248505e-01 -1.5051500499248505e-01 -5.7342329025268555e+00 
-9.8045625686645508e+00 -inf -1.5051500499248505e-01 -7.3594055175781250e+00 -inf -1.5051500499248505e-01 -1.5051500499248505e-01 -5.5547232627868652e+00 
-9.9806537628173828e+00 -inf -1.5051500499248505e-01 -7.3594055175781250e+00 -inf -1.5051500499248505e-01 -1.5051500499248505e-01 -5.3763680458068848e+00 
-1.0156744956970215e+01 -inf -1.5051500499248505e-01 -7.3594055175781250e+00 -inf -1.5051500499248505e-01 -1.5051500499248505e-01 -5.1987743377685547e+00 
-1.0332837104797363e+01 -inf -1.5051500499248505e-01 -7.3594055175781250e+00 -inf -1.5051500499248505e-01 -1.5051500499248505e-01 -5.0216841697692871e+00 
-1.0508928298950195e+01 -inf -1.5051500499248505e-01 -7.3594055175781250e+00 -inf -1.5051500499248505e-01 -1.5051500499248505e-01 -4.8449282646179199e+00 
-1.0685019493103027e+01 -inf -1.5051500499248505e-01 -7.3594055175781250e+00 -inf -1.5051500499248505e-01 -1.5051500499248505e-01 -4.6683945655822754e+00 
-1.0861110687255859e+01 -inf -1.5051500499248505e-01 -7.3594055175781250e+00 -inf -1.5051500499248505e-01 -1.5051500499248505e-01 -4.4920082092285156e+00 
-1.1037201881408691e+01 -inf -1.5051500499248505e-01 -7.3594055175781250e+00 -inf -1.5051500499248505e-01 -1.5051500499248505e-01 -4.3157205581665039e+00 
-1.1213293075561523e+01 -inf -1.5051500499248505e-01 -7.3594055175781250e+00 -inf -1.5051500499248505e-01 -1.5051500499248505e-01 -4.1394987106323242e+00 
-1.1389384269714355e+01 -inf -1.5051500499248505e-01 -7.3594055175781250e+00 -inf -1.5051500499248505e-01 -1.5051500499248505e-01 -3.9633200168609619e+00 
-1.1565475463867188e+01 -inf -1.5051500499248505e-01 -7.3594055175781250e+00 -inf -1.5051500499248505e-01 -1.5051500499248505e-01 -3.7871706485748291e+00 
-1.1741566658020020e+01 -inf -1.5051500499248505e-01 -7.3594055175781250e+00 -inf -1.5051500499248505e-01 -1.5051500499248505e-01 -3.6110405921936035e+00 
-1.1917657852172852e+01 -inf -1.5051500499248505e-01 -7.3594055175781250e+00 -inf -1.5051500499248505e-01 -1.5051500499248505e-01 -3.4349234104156494e+00 
-1.2093749046325684e+01 -inf -1.5051500499248505e-01 -7.3594055175781250e+00 -inf -1.5051500499248505e-01 -1.5051500499248505e-01 -3.2588150501251221e+00 
-1.2269840240478516e+01 -inf -1.5051500499248505e-01 -7.3594055175781250e+00 -inf -1.5051500499248505e-01 -1.5051500499248505e-01 -3.0827121734619141e+00 
-1.2445931434631348e+01 -inf -1.5051500499248505e-01 -7.3594055175781250e+00 -inf -1.5051500499248505e-01 -1.5051500499248505e-01 -2.9066133499145508e+00 
-1.2622022628784180e+01 -inf -1.5051500499248505e-01 -7.3594055175781250e+00 -inf -1.5051500499248505e-01 -1.5051500499248505e-01 -2.7305169105529785e+00 
-1.2798113822937012e+01 -inf -1.5051500499248505e-01 -7.3594055175781250e+00 -inf -1.5051500499248505e-01 -1.5051500499248505e-01 -2.5544223785400391e+00 
-1.2974205970764160e+01 -inf -1.5051500499248505e-01 -7.3594055175781250e+00 -inf -1.5051500499248505e-01 -1.5051500499248505e-01 -2.3783288002014160e+00 
-1.3150297164916992e+01 -inf -1.5051500499248505e-01 -7.3594055175781250e+00 -inf -1.5051500499248505e-01 -1.5051500499248505e-01 -2.2022359371185303e+00 
-1.3326388359069824e+01 -inf -1.5051500499248505e-01 -7.3594055175781250e+00 -inf -1.5051500499248505e-01 -1.5051500499248505e-01 -2.0261437892913818e+00 
-1.3502479553222656e+01 -inf -1.5051500499248505e-01 -7.3594055175781250e+00 -inf -1.5051500499248505e-01 -1.5051500499248505e-01 -1.8500518798828125e+00 
-1.3678570747375488e+01 -inf -1.5051500499248505e-01 -7.3594055175781250e+00 -inf -1.5051500499248505e-01 -1.5051500499248505e-01 -1.6739600896835327e+00 
-1.3854661941528320e+01 -inf -1.5051500499248505e-01 -7.3594055175781250e+00 -inf -1.5051500499248505e-01 -1.5051500499248505e-01 -1.4978686571121216e+00 
-1.4030753135681152e+01 -inf -1.5051500499248505e-01 -7.3594055175781250e+00 -inf -1.5051500499248505e-01 -1.5051500499248505e-01 -1.3217771053314209e+00 
-1.4206844329833984e+01 -inf -1.5051500499248505e-01 -7.3594055175781250e+00 -inf -1.5051500499248505e-01 -1.5051500499248505e-01 -1.1456857919692993e+00 
-1.4382935523986816e+01 -inf -1.5051500499248505e-01 -7.3594055175781250e+00 -inf -1.5051500499248505e-01 -1.5051500499248505e-01 -9.6959435939788818e-01 
-1.4559026718139648e+01 -inf -1.5051500499248505e-01 -7.3594055175781250e+00 -inf -1.5051500499248505e-01 -1.5051500499248505e-01 -7.9350304603576660e-01 
-1.4735117912292480e+01 -inf -1.5051500499248505e-01 -7.3594055175781250e+00 -inf -1.5051500499248505e-01 -1.5051500499248505e-01 -6.1741179227828979e-01 
-1.4911209106445312e+01 -inf -1.5051500499248505e-01 -7.3594055175781250e+00 -inf -1.5051500499248505e-01 -1.5051500499248505e-01 -4.4132047891616821e-01 
-1.5087300300598145e+01 -inf -1.5051500499248505e-01 -7.3594055175781250e+00 -inf -1.5051500499248505e-01 -1.5051500499248505e-01 -2.6522922515869141e-01 
-1.5263391494750977e+01 -inf -1.5051500499248505e-01 -7.3594055175781250e+00 -inf -1.5051500499248505e-01 -1.5051500499248505e-01 -8.9137941598892212e-02 
-1.5439482688903809e+01 -inf -1.5051500499248505e-01 -7.3594055175781250e+00 -inf -1.5051500499248505e-01 -1.5051500499248505e-01 8.6953327059745789e-02 
-1.5615574836730957e+01 -inf -1.5051500499248505e-01 -7.3594055175781250e+00 -inf -1.5051500499248505e-01 -1.5051500499248505e-01 2.6304459571838379e-01 
-1.5791666030883789e+01 -inf -1.5051500499248505e-01 -7.3594055175781250e+00 -inf -1.5051500499248505e-01 -1.5051500499248505e-01 4.3913587927818298e-01 
-1.5967757225036621e+01 -inf -1.5051500499248505e-01 -7.3594055175781250e+00 -inf -1.5051500499248505e-01 -1.5051500499248505e-01 6.1522710323333740e-01 
-1.6143848419189453e+01 -inf -1.5051500499248505e-01 -7.3594055175781250e+00 -inf -1.5051500499248505e-01 -1.5051500499248505e-01 7.9131835699081421e-01 
-1.6319938659667969e+01 -inf -1.5051500499248505e-01 -7.3594055175781250e+00 -inf -1.5051500499248505e-01 -1.5051500499248505e-01 9.6740961074829102e-01 
-1.6496030807495117e+01 -inf -1.5051500499248505e-01 -7.3594055175781250e+00 -inf -1.5051500499248505e-01 -1.5051500499248505e-01 1.1435009241104126e+00 
-1.6672121047973633e+01 -inf -1.5051500499248505e-01 -7.3594055175781250e+00 -inf -1.5051500499248505e-01 -1.5051500499248505e-01 1.3195921182632446e+00 
-1.6848213195800781e+01 -inf -1.5051500499248505e-01 -7.3594055175781250e+00 -inf -1.5051500499248505e-01 -1.5051500499248505e-01 1.4956834316253662e+00 
-1.7024305343627930e+01 -inf -1.5051500499248505e-01 -7.3594055175781250e+00 -inf -1.5051500499248505e-01 -1.5051500499248505e-01 1.6717746257781982e+00 
-1.7200395584106445e+01 -inf -1.5051500499248505e-01 -7.3594055175781250e+00 -inf -1.5051500499248505e-01 -1.5051500499248505e-01 1.8478659391403198e+00 
-1.7376487731933594e+01 -inf -1.5051500499248505e-01 -7.3594055175781250e+00 -inf -1.5051500499248505e-01 -1.5051500499248505e-01 2.0239572525024414e+00 
-1.7552577972412109e+01 -inf -1.5051500499248505e-01 -7.3594055175781250e+00 -inf -1.5051500499248505e-01 -1.5051500499248505e-01 2.2000484466552734e+00 
-1.7728670120239258e+01 -inf -1.5051500499248505e-01 -7.3594055175781250e+00 -inf -1.5051500499248505e-01 -1.5051500499248505e-01 2.3761396408081055e+00 
-1.7904760360717773e+01 -inf -1.5051500499248505e-01 -7.3594055175781250e+00 -inf -1.5051500499248505e-01 -1.5051500499248505e-01 2.5522310733795166e+00 
-1.8080852508544922e+01 -inf -1.5051500499248505e-01 -7.3594055175781250e+00 -inf -1.5051500499248505e-01 -1.5051500499248505e-01 2.7283222675323486e+00 
-1.8256942749023438e+01 -inf -1.5051500499248505e-01 -7.3594055175781250e+00 -inf -1.5051500499248505e-01 -1.5051500499248505e-01 2.9044134616851807e+00 
-1.8433034896850586e+01 -inf -1.5051500499248505e-01 -7.3594055175781250e+00 -inf -1.5051500499248505e-01 -1.5051500499248505e-01 3.0805046558380127e+00 
