-1.0000000000000000e+00 -2.7783684002091134e+00 -2.9288833980410187e+00 -1.3013919378963565e+00 -2.4786423442181840e+00 -1.4376618251373752e+00 -1.4666351862517841e+00 -3.6027838757928348e+00 
-1.1760912590556813e+00 -3.1304302788904930e+00 -3.2809452767226901e+00 -1.4772821104856022e+00 -2.8299795510070762e+00 -1.6182503914975981e+00 -1.6375584081123391e+00 -4.1306554800351147e+00 
-1.3521825181113625e+00 -3.4825591799893307e+00 -3.6330741778198732e+00 -1.6532840037557315e+00 -3.1817865851834193e+00 -1.7974117854442526e+00 -1.8102815591541304e+00 -4.6587505255288937e+00 
-1.5282737771670436e+00 -3.8347178684187742e+00 -3.9852328662621606e+00 -1.8293355458651168e+00 -3.5338022629705090e+00 -1.9755821346061053e+00 -1.9841613210697597e+00 -5.1869448689812749e+00 
-1.7043650362227249e+00 -4.1868897955804991e+00 -4.3374047933975133e+00 -2.0054091531778271e+00 -3.8859106380040549e+00 -2.1530739349589401e+00 -2.1587931962858398e+00 -5.7151833430233578e+00 
-1.8804562952784063e+00 -4.5390676066062410e+00 -4.6895826045013429e+00 -2.1814925670606153e+00 -4.2380602052530323e+00 -2.3301053576938653e+00 -2.3339181404144131e+00 -6.2434414346797178e+00 
-2.0565475543340876e+00 -4.8912480326797070e+00 -5.0417630304206957e+00 -2.3575803393810899e+00 -4.5902280788550041e+00 -2.5068262778626407e+00 -2.5093681157775554e+00 -6.7717082285591932e+00 
-2.2326388133897686e+00 -5.2434296209947133e+00 -5.3939446186948530e+00 -2.5336700487786232e+00 -4.9424040883573195e+00 -2.6833385963487282e+00 -2.6850331498528601e+00 -7.2999786944159704e+00 
-2.4087300724454499e+00 -5.5956117258627698e+00 -5.7461267226016224e+00 -2.7097606190991192e+00 -5.2945837137588452e+00 -2.8597111338447450e+00 -2.8608408346704701e+00 -7.8282524317515758e+00 
-2.5848213315011312e+00 -5.9477940603501542e+00 -6.0983090537217723e+00 -2.8858515720529749e+00 -5.6467649462130893e+00 -3.0359901664237388e+00 -3.0367432998650554e+00 -8.3565266292230032e+00 
-2.7609125905568126e+00 -6.2999764967884682e+00 -6.4504914973554559e+00 -3.0619426950581548e+00 -5.9989468929436240e+00 -3.2122067210638221e+00 -3.2127088098836367e+00 -8.8848141116658255e+00 
-2.9370038496124939e+00 -6.6521589786808679e+00 -6.8026741195080724e+00 -3.2380338936126281e+00 -6.3511291570410906e+00 -3.3883815608918813e+00 -3.3887162866243759e+00 -9.4129280173449565e+00 
-3.1130951086681748e+00 -7.0043414806127453e+00 -7.1548563798801474e+00 -3.4141251258287832e+00 -6.7033115623830302e+00 -3.5645285628519816e+00 -3.5647517134527855e+00 -9.9416743915968784e+00 
-3.2891863677238562e+00 -7.3565239920277490e+00 -7.5070388971305935e+00 -3.5902163728716370e+00 -7.0554940292368027e+00 -3.7406569938628147e+00 -3.7408057609244341e+00 -1.0466747094441107e+01 
-3.4652776267795375e+00 -7.7087065063039244e+00 -7.8592155045321483e+00 -3.7663076264485311e+00 -7.4076765254328079e+00 -3.9167730379215513e+00 -3.9168722173102983e+00 -1.0984164729069422e+01 
-3.6413688858352189e+00 -8.0608890244152871e+00 -8.2114063584644690e+00 -3.9423988838606383e+00 -7.7598590342986302e+00 -4.0928808247746842e+00 -4.0929469430980285e+00 -1.1535078750406646e+01 
-3.8174601448908998e+00 -8.4130715439134800e+00 -8.5636419698693604e+00 -4.1184901401427743e+00 -8.1120415357680198e+00 -4.2689831048923903e+00 -4.2690271783861116e+00 -1.1836117862696504e+01 
-3.9935514039465811e+00 -8.7652540557841032e+00 -8.9156347782911123e+00 -4.2945813971183835e+00 -8.4642240882034514e+00 -4.4450817072144835e+00 -4.4451111023802437e+00 -1.6213033487238416e+01 
-4.1696426630022625e+00 -9.1174366019787954e+00 -9.2682301613400124e+00 -4.4706726631951588e+00 -8.8164066063148141e+00 -4.6211778729820985e+00 -4.6211974511371183e+00 -1.6213033487238416e+01 
-4.3457339220579438e+00 -9.4696192148714129e+00 -9.6194435098471462e+00 -4.6467638959231117e+00 -9.1685889348637311e+00 -4.7972723915928279e+00 -4.7972854728573955e+00 -1.6213033487238416e+01 
-4.5218251811136252e+00 -9.8218016263538654e+00 -9.9719508996616089e+00 -4.8228551905223469e+00 -9.5207716306898842e+00 -4.9733658592259493e+00 -4.9733745735438220e+00 -1.6213033487238416e+01 
-4.6979164401693065e+00 -1.0173984464352033e+01 -1.0305841507629747e+01 -4.9989465295505910e+00 -9.8729544686880519e+00 -5.1494586341896520e+00 -5.1494646936571913e+00 -1.6213033487238416e+01 
-4.8740076992249870e+00 -1.0526166622590756e+01 -1.0721431147244672e+01 -5.1750376686500852e+00 -1.0225136626926774e+01 -5.3255512623483998e+00 -5.3255547532384266e+00 -1.6213033487238416e+01 
-5.0500989582806683e+00 -1.0878349950415979e+01 -1.1351098966616643e+01 -5.3511285228513925e+00 -1.0577319954751998e+01 -5.5016435571851847e+00 -5.5016447856562243e+00 -1.6213033487238416e+01 
-5.2261902173363497e+00 -1.1230527002988087e+01 -1.0971207080987357e+01 -5.5272209964802812e+00 -1.0929505205658780e+01 -5.6777353679619091e+00 -5.6777397871735769e+00 -1.6213033487238416e+01 
-5.4022814763920310e+00 -1.1582709521099449e+01 -1.1477323774766150e+01 -5.7033129387376826e+00 -1.1281679525435468e+01 -5.8538303531617863e+00 -5.8538282862599464e+00 -1.6213033487238416e+01 
-5.5783727354477124e+00 -1.1934892039210812e+01 -1.0607255851120975e+01 -5.8793980490635809e+00 -1.1633862043546831e+01 -6.0299112594005138e+00 -6.0299342463429708e+00 -1.6213033487238416e+01 
-5.7544639945033937e+00 -1.2287043430679487e+01 -1.0607255851120975e+01 -6.0554893081293342e+00 -1.1986106821637069e+01 -6.2060114456883664e+00 -6.2060459271896509e+00 -1.6213033487238416e+01 
-5.9305552535590751e+00 -1.2639039235769099e+01 -1.1048988151914152e+01 -6.2315727853303011e+00 -1.2338429457343420e+01 -6.3821050902172995e+00 -6.3821237944801661e+00 -1.6213033487238416e+01 
-6.1066465126147564e+00 -1.2991274258804893e+01 -1.0832069173283781e+01 -6.4076640444086443e+00 -1.2690717093325780e+01 -6.5582659663756644e+00 -6.5582197297274352e+00 -1.6213033487238416e+01 
-6.2827377716704369e+00 -1.3343929607101124e+01 -1.0067105816480391e+01 -6.5837159099219837e+00 -1.3041836466519680e+01 -6.7345359961650813e+00 -6.7341323108886337e+00 -1.6213033487238416e+01 
-6.4588290307261182e+00 -1.3696911195321819e+01 -1.0130874985036707e+01 -6.7601618399197827e+00 -1.3393488386541947e+01 -6.9106027922602529e+00 -6.9111261561684438e+00 -1.6213033487238416e+01 
-6.6349202897817996e+00 -1.4051499783199059e+01 -1.0130874985036707e+01 -6.9358541146581780e+00 -1.3745074755648373e+01 -7.0862812788777596e+00 -7.0870658153456425e+00 -1.6213033487238416e+01 
-6.8110115488374809e+00 -1.4410521725840727e+01 -1.0130874333304474e+01 -7.1101544662092655e+00 -1.4097257273759736e+01 -7.2621766246187436e+00 -7.2633534306035950e+00 -1.6213033487238416e+01 
-6.9871028078931623e+00 -1.4750469787535078e+01 -9.5447531486890700e+00 -7.2862457254362933e+00 -1.4449439791871097e+01 -7.4524704746671659e+00 -7.4455035104732268e+00 -1.6213033487238416e+01 
-7.1631940669488436e+00 -1.5109491730176746e+01 -1.0800531159814032e+01 -7.4691764092915394e+00 -1.4808461734512765e+01 -7.6303210808057678e+00 -7.6297345208129910e+00 -1.6213033487238416e+01 
-7.3392853260045250e+00 -1.5477468515471340e+01 -9.4108079581656963e+00 -7.6610619359656180e+00 -1.5051499783199059e+01 -7.7918211678236675e+00 -7.8132246909044483e+00 -1.6213033487238416e+01 
-7.5153765850602063e+00 -1.5653559774527022e+01 -9.6617318648047981e+00 -7.8371531956305311e+00 -1.5653559774527022e+01 -8.0518068945296104e+00 -8.0309889112461175e+00 -1.6213033487238416e+01 
-7.6914678441158877e+00 -inf -9.6617318648047981e+00 -7.9620919328480628e+00 -1.5653559774527022e+01 -8.2808227943717583e+00 -8.2461143359521536e+00 -1.6213033487238416e+01 
-7.8675591031715681e+00 -inf -8.8008162648411741e+00 -8.0870306702686729e+00 -1.5653559774527022e+01 -8.6003058807711810e+00 -8.2461143359521536e+00 -1.6213033487238416e+01 
-8.0436503622272504e+00 -inf -8.2461143359521536e+00 -1.6213033487238416e+01 -inf -8.2461143359521536e+00 -8.2461143359521536e+00 -1.6213033487238416e+01 
-8.2197416212829317e+00 -inf -8.5842046377469696e+00 -1.6213033487238416e+01 -inf -7.9276763967826671e+00 -8.1803144196817232e+00 -1.6213033487238416e+01 
-8.3958328803386113e+00 -inf -8.6992711599375738e+00 -1.6213033487238416e+01 -inf -7.9276763967826671e+00 -7.8010892354375567e+00 -1.6213033487238416e+01 
-8.5719241393942927e+00 -inf -8.3092109029817713e+00 -1.6213033487238416e+01 -inf -7.5913764223985885e+00 -7.8010892354375567e+00 -1.6213033487238416e+01 
-8.7480153984499740e+00 -inf -7.8163128967320414e+00 -1.6213033487238416e+01 -inf -7.3340575642224719e+00 -7.8010892354375567e+00 -1.6213033487238416e+01 
-8.9241066575056553e+00 -inf -7.5038154186136063e+00 -1.6213033487238416e+01 -inf -7.8163128967320414e+00 -7.1081448099025009e+00 -1.6213033487238416e+01 
-9.1001979165613367e+00 -inf -8.0947029513270952e+00 -1.6213033487238416e+01 -inf -7.2084813156261438e+00 -7.1081448099025009e+00 -1.6213033487238416e+01 
-9.2762891756170180e+00 -inf -7.5699674115684239e+00 -1.6213033487238416e+01 -inf -6.8801117797163762e+00 -7.1081448099025009e+00 -1.6213033487238416e+01 
-9.4523804346726994e+00 -inf -7.1004281215952814e+00 -1.6213033487238416e+01 -inf -6.6258638917797610e+00 -7.1081448092840018e+00 -1.6213033487238416e+01 
-9.6284716937283807e+00 -inf -6.8051727496708478e+00 -1.6213033487238416e+01 -inf -7.1004281215952814e+00 -6.4060716573006342e+00 -1.6213033487238416e+01 
-9.8045629527840621e+00 -inf -7.4130851838890139e+00 -1.6213033487238416e+01 -inf -6.5012458443770829e+00 -6.4060716573006342e+00 -1.6213033487238416e+01 
-9.9806542118397434e+00 -inf -6.6663419014000356e+00 -1.6213033487238416e+01 -inf -6.5012458443770829e+00 -6.1269520423403661e+00 -1.6213033487238416e+01 
-1.0156745470895425e+01 -inf -6.6663419014000356e+00 -1.6213033487238416e+01 -inf -6.6663419014000356e+00 -6.6663419014000356e+00 -1.6213033487238416e+01 
-1.0332836729951106e+01 -inf -5.9948218619112437e+00 -1.6213033487238416e+01 -inf -5.9948218619112437e+00 -5.9948218619112437e+00 -1.6213033487238416e+01 
-1.0508927989006787e+01 -inf -6.7385223527705476e+00 -1.6213033487238416e+01 -inf -6.7385223527705476e+00 -6.7385223527705476e+00 -1.6213033487238416e+01 
-1.0685019248062469e+01 -inf -5.9671682393662326e+00 -1.6213033487238416e+01 -inf -5.4240799574113030e+00 -5.7933665403974839e+00 -1.6213033487238416e+01 
-1.0861110507118150e+01 -inf -5.5297079231720669e+00 -1.6213033487238416e+01 -inf -5.9671682393662326e+00 -5.1558386763094095e+00 -1.6213033487238416e+01 
-1.1037201766173832e+01 -inf -5.1471472281197199e+00 -1.6213033487238416e+01 -inf -4.8802922516461713e+00 -5.9671682393662326e+00 -1.6213033487238416e+01 
-1.1213293025229513e+01 -inf -5.7110214954127452e+00 -1.6213033487238416e+01 -inf -5.1471472281129538e+00 -4.9579507751903371e+00 -1.6213033487238416e+01 
-1.1389384284285192e+01 -inf -4.9332342973636480e+00 -1.6213033487238416e+01 -inf -4.5974141805795918e+00 -5.7110214954127452e+00 -1.6213033487238416e+01 
-1.1565475543340874e+01 -inf -5.7110214954127452e+00 -1.6213033487238416e+01 -inf -5.7110214954127452e+00 -5.7110214954127452e+00 -1.6213033487238416e+01 
-1.1741566802396555e+01 -inf -4.4873000754878012e+00 -1.6213033487238416e+01 -inf -5.7110214953879588e+00 -4.1994405564555759e+00 -1.6213033487238416e+01 
-1.1917658061452236e+01 -inf -4.5425626637033147e+00 -1.6213033487238416e+01 -inf -4.5425626637033147e+00 -4.5425626637033147e+00 -1.6213033487238416e+01 
-1.2093749320507918e+01 -inf -5.2434619191507563e+00 -1.6213033487238416e+01 -inf -4.1272932670720612e+00 -4.1994405564555759e+00 -1.6213033487238416e+01 
-1.2269840579563599e+01 -inf -4.5416012424995644e+00 -1.6213033487238416e+01 -inf -4.1272932670720612e+00 -3.8792193656858784e+00 -1.6213033487238416e+01 
-1.2445931838619281e+01 -inf -4.5416012424995644e+00 -1.6213033487238416e+01 -inf -4.5416012424995644e+00 -4.5416012424995644e+00 -1.6213033487238416e+01 
-1.2622023097674962e+01 -inf -3.8987382766818435e+00 -1.6213033487238416e+01 -inf -3.8987382766818435e+00 -3.8987382766818435e+00 -1.6213033487238416e+01 
-1.2798114356730643e+01 -inf -3.8987382766822254e+00 -1.6213033487238416e+01 -inf -3.8987382766822254e+00 -3.8987382766822254e+00 -1.6213033487238416e+01 
-1.2974205615786325e+01 -inf -3.8987382766822254e+00 -1.6213033487238416e+01 -inf -3.8987382766822254e+00 -3.8987382766822254e+00 -1.6213033487238416e+01 
-1.3150296874842006e+01 -inf -3.8687283283093663e+00 -1.6213033487238416e+01 -inf -3.1875143465700253e+00 -3.0362386546981575e+00 -1.6213033487238416e+01 
-1.3326388133897687e+01 -inf -3.5900091558130378e+00 -1.6213033487238416e+01 -inf -2.8434471473212959e+00 -3.0362386546981575e+00 -1.6213033487238416e+01 
-1.3502479392953369e+01 -inf -3.0362386546981575e+00 -1.6213033487238416e+01 -inf -3.0362386546981575e+00 -3.0362386546981575e+00 -1.6213033487238416e+01 
-1.3678570652009050e+01 -inf -4.4293361735732253e+00 -1.6213033487238416e+01 -inf -2.5831947443185448e+00 -2.5709892371129199e+00 -1.6213033487238416e+01 
-1.3854661911064731e+01 -inf -4.4293361735732253e+00 -1.6213033487238416e+01 -inf -4.4293361735732253e+00 -4.4293361735732253e+00 -1.6213033487238416e+01 
-1.4030753170120413e+01 -inf -2.7102015032774922e+00 -1.6213033487238416e+01 -inf -2.1019667549952912e+00 -2.3969085564987322e+00 -1.6213033487238416e+01 
-1.4206844429176092e+01 -inf -2.9870423718037675e+00 -1.6213033487238416e+01 -inf -2.1019667549952912e+00 -2.0013935933920175e+00 -1.6213033487238416e+01 
-1.4382935688231774e+01 -inf -2.4636242793562859e+00 -1.6213033487238416e+01 -inf -1.7735272128913893e+00 -2.0013935933920224e+00 -1.6213033487238416e+01 
-1.4559026947287455e+01 -inf -2.4861560708118429e+00 -1.6213033487238416e+01 -inf -1.7735272128913893e+00 -1.6312580698455983e+00 -1.6213033487238416e+01 
-1.4735118206343136e+01 -inf -1.7735272128913893e+00 -1.6213033487238416e+01 -inf -1.7735272128913893e+00 -1.7735272128913893e+00 -1.6213033487238416e+01 
-1.4911209465398818e+01 -inf -1.5466522711902635e+00 -1.6213033487238416e+01 -inf -1.7735272128913893e+00 -1.1328336614731536e+00 -1.6213033487238416e+01 
-1.5087300724454499e+01 -inf -1.5466522711902635e+00 -1.6213033487238416e+01 -inf -1.5466522711902635e+00 -1.5466522711902635e+00 -1.6213033487238416e+01 
-1.5263391983510180e+01 -inf -2.2570141293599062e+00 -1.6213033487238416e+01 -inf -9.6924225289440846e-01 -1.0164981661062611e+00 -1.6213033487238416e+01 
-1.5439483242565862e+01 -inf -1.0164981661062611e+00 -1.6213033487238416e+01 -inf -1.0164981661062611e+00 -1.0164981661062611e+00 -1.6213033487238416e+01 
-1.5615574501621543e+01 -inf -1.7007518483237092e+00 -1.6213033487238416e+01 -inf -6.7955297278947169e-01 -6.0383379107145108e-01 -1.6213033487238416e+01 
-1.5791665760677224e+01 -inf -4.3948071489885893e-01 -1.6213033487238416e+01 -inf -1.7007518483237116e+00 -1.5051499783199057e-01 -1.6213033487238416e+01 
-1.5967757019732906e+01 -inf -7.1734327483849236e-01 -1.6213033487238416e+01 -inf -4.8988920120180784e-01 -1.5051499783199057e-01 -1.6213033487238416e+01 
-1.6143848278788585e+01 -inf -1.1805845780581690e+00 -1.6213033487238416e+01 -inf -7.6202983143348418e-02 -1.5051499783199057e-01 -1.6213033487238416e+01 
-1.6319939537844267e+01 -inf -1.5051499783199057e-01 -1.6213033487238416e+01 -inf -1.5051499783199057e-01 -1.5051499783199057e-01 -1.6213033487238416e+01 
-1.6496030796899948e+01 -inf -1.5051499783199057e-01 -1.6213033487238416e+01 -inf -1.5051499783199057e-01 -1.5051499783199057e-01 -1.6213033487238416e+01 
-1.6672122055955629e+01 -inf -1.5051499783199057e-01 -1.6213033487238416e+01 -inf -1.5051499783199057e-01 -1.5051499783199057e-01 -1.6213033487238416e+01 
-1.6848213315011311e+01 -inf -1.5051499783199057e-01 -1.6213033487238416e+01 -inf -1.5051499783199057e-01 -1.5051499783199057e-01 -1.6213033487238416e+01 
-1.7024304574066992e+01 -inf -1.5051499783199057e-01 -1.6213033487238416e+01 -inf -1.5051499783199057e-01 -1.5051499783199057e-01 -1.6213033487238416e+01 
-1.7200395833122673e+01 -inf -1.5051499783199057e-01 -1.6213033487238416e+01 -inf -1.5051499783199057e-01 -1.5051499783199057e-01 -1.6213033487238416e+01 
-1.7376487092178355e+01 -inf -1.5051499783199057e-01 -1.6213033487238416e+01 -inf -1.5051499783199057e-01 -1.5051499783199057e-01 -1.6213033487238416e+01 
-1.7552578351234036e+01 -inf -1.5051499783199057e-01 -1.6213033487238416e+01 -inf -1.5051499783199057e-01 -1.5051499783199057e-01 -1.6213033487238416e+01 
-1.7728669610289717e+01 -inf -1.5051499783199057e-01 -1.6213033487238416e+01 -inf -1.5051499783199057e-01 -1.5051499783199057e-01 -1.6213033487238416e+01 
-1.7904760869345399e+01 -inf -1.5051499783199057e-01 -1.6213033487238416e+01 -inf -1.5051499783199057e-01 -1.5051499783199057e-01 -1.6213033487238416e+01 
-1.8080852128401080e+01 -inf -1.5051499783199057e-01 -1.6213033487238416e+01 -inf -1.5051499783199057e-01 -1.5051499783199057e-01 -1.6213033487238416e+01 
-1.8256943387456761e+01 -inf -1.5051499783199057e-01 -1.6213033487238416e+01 -inf -1.5051499783199057e-01 -1.5051499783199057e-01 -1.6213033487238416e+01 
-1.8433034646512443e+01 -inf -1.5051499783199057e-01 -1.6213033487238416e+01 -inf -1.5051499783199057e-01 -1.5051499783199057e-01 -1.6213033487238416e+01 
