-1.000000e+00	9.090909e-02
-9.900000e-01	9.601719e-02
-9.800000e-01	1.014361e-01
-9.700000e-01	1.071844e-01
-9.600000e-01	1.132814e-01
-9.500000e-01	1.197473e-01
-9.400000e-01	1.266031e-01
-9.300000e-01	1.338706e-01
-9.200000e-01	1.415719e-01
-9.100000e-01	1.497299e-01
-9.000000e-01	1.583679e-01
-8.900000e-01	1.675094e-01
-8.800000e-01	1.771780e-01
-8.700000e-01	1.873971e-01
-8.600000e-01	1.981896e-01
-8.500000e-01	2.095779e-01
-8.400000e-01	2.215831e-01
-8.300000e-01	2.342247e-01
-8.200000e-01	2.475207e-01
-8.100000e-01	2.614861e-01
-8.000000e-01	2.761333e-01
-7.900000e-01	2.914709e-01
-7.800000e-01	3.075035e-01
-7.700000e-01	3.242307e-01
-7.600000e-01	3.416468e-01
-7.500000e-01	3.597400e-01
-7.400000e-01	3.784918e-01
-7.300000e-01	3.978766e-01
-7.200000e-01	4.178609e-01
-7.100000e-01	4.384037e-01
-7.000000e-01	4.594554e-01
-6.900000e-01	4.809585e-01
-6.800000e-01	5.028474e-01
-6.700000e-01	5.250491e-01
-6.600000e-01	5.474834e-01
-6.500000e-01	5.700640e-01
-6.400000e-01	5.926998e-01
-6.300000e-01	6.152956e-01
-6.200000e-01	6.377541e-01
-6.100000e-01	6.599773e-01
-6.000000e-01	6.818678e-01
-5.900000e-01	7.033312e-01
-5.800000e-01	7.242772e-01
-5.700000e-01	7.446213e-01
-5.600000e-01	7.642865e-01
-5.500000e-01	7.832041e-01
-5.400000e-01	8.013147e-01
-5.300000e-01	8.185693e-01
-5.200000e-01	8.349294e-01
-5.100000e-01	8.503670e-01
-5.000000e-01	8.648649e-01
-4.900000e-01	8.784159e-01
-4.800000e-01	8.910227e-01
-4.700000e-01	9.026964e-01
-4.600000e-01	9.134564e-01
-4.500000e-01	9.233289e-01
-4.400000e-01	9.323460e-01
-4.300000e-01	9.405448e-01
-4.200000e-01	9.479659e-01
-4.100000e-01	9.546530e-01
-4.000000e-01	9.606517e-01
-3.900000e-01	9.660086e-01
-3.800000e-01	9.707707e-01
-3.700000e-01	9.749846e-01
-3.600000e-01	9.786959e-01
-3.500000e-01	9.819492e-01
-3.400000e-01	9.847870e-01
-3.300000e-01	9.872500e-01
-3.200000e-01	9.893766e-01
-3.100000e-01	9.912030e-01
-3.000000e-01	9.927628e-01
-2.900000e-01	9.940869e-01
-2.800000e-01	9.952042e-01
-2.700000e-01	9.961407e-01
-2.600000e-01	9.969204e-01
-2.500000e-01	9.975645e-01
-2.400000e-01	9.980926e-01
-2.300000e-01	9.985218e-01
-2.200000e-01	9.988675e-01
-2.100000e-01	9.991431e-01
-2.000000e-01	9.993604e-01
-1.900000e-01	9.995298e-01
-1.800000e-01	9.996600e-01
-1.700000e-01	9.997587e-01
-1.600000e-01	9.998323e-01
-1.500000e-01	9.998861e-01
-1.400000e-01	9.999247e-01
-1.300000e-01	9.999517e-01
-1.200000e-01	9.999701e-01
-1.100000e-01	9.999823e-01
-1.000000e-01	9.999900e-01
-9.000000e-02	9.999947e-01
-8.000000e-02	9.999974e-01
-7.000000e-02	9.999988e-01
-6.000000e-02	9.999995e-01
-5.000000e-02	9.999998e-01
-4.000000e-02	1.000000e+00
-3.000000e-02	1.000000e+00
-2.000000e-02	1.000000e+00
-1.000000e-02	1.000000e+00
7.528700e-16	1.000000e+00
1.000000e-02	1.000000e+00
2.000000e-02	1.000000e+00
3.000000e-02	1.000000e+00
4.000000e-02	1.000000e+00
5.000000e-02	9.999998e-01
6.000000e-02	9.999995e-01
7.000000e-02	9.999988e-01
8.000000e-02	9.999974e-01
9.000000e-02	9.999947e-01
1.000000e-01	9.999900e-01
1.100000e-01	9.999823e-01
1.200000e-01	9.999701e-01
1.300000e-01	9.999517e-01
1.400000e-01	9.999247e-01
1.500000e-01	9.998861e-01
1.600000e-01	9.998323e-01
1.700000e-01	9.997587e-01
1.800000e-01	9.996600e-01
1.900000e-01	9.995298e-01
2.000000e-01	9.993604e-01
2.100000e-01	9.991431e-01
2.200000e-01	9.988675e-01
2.300000e-01	9.985218e-01
2.400000e-01	9.980926e-01
2.500000e-01	9.975645e-01
2.600000e-01	9.969204e-01
2.700000e-01	9.961407e-01
2.800000e-01	9.952042e-01
2.900000e-01	9.940869e-01
3.000000e-01	9.927628e-01
3.100000e-01	9.912030e-01
3.200000e-01	9.893766e-01
3.300000e-01	9.872500e-01
3.400000e-01	9.847870e-01
3.500000e-01	9.819492e-01
3.600000e-01	9.786959e-01
3.700000e-01	9.749846e-01
3.800000e-01	9.707707e-01
3.900000e-01	9.660086e-01
4.000000e-01	9.606517e-01
4.100000e-01	9.546530e-01
4.200000e-01	9.479659e-01
4.300000e-01	9.405448e-01
4.400000e-01	9.323460e-01
4.500000e-01	9.233289e-01
4.600000e-01	9.134564e-01
4.700000e-01	9.026964e-01
4.800000e-01	8.910227e-01
4.900000e-01	8.784159e-01
5.000000e-01	8.648649e-01
5.100000e-01	8.503670e-01
5.200000e-01	8.349294e-01
5.300000e-01	8.185693e-01
5.400000e-01	8.013147e-01
5.500000e-01	7.832041e-01
5.600000e-01	7.642865e-01
5.700000e-01	7.446213e-01
5.800000e-01	7.242772e-01
5.900000e-01	7.033312e-01
6.000000e-01	6.818678e-01
6.100000e-01	6.599773e-01
6.200000e-01	6.377541e-01
6.300000e-01	6.152956e-01
6.400000e-01	5.926998e-01
6.500000e-01	5.700640e-01
6.600000e-01	5.474834e-01
6.700000e-01	5.250491e-01
6.800000e-01	5.028474e-01
6.900000e-01	4.809585e-01
7.000000e-01	4.594554e-01
7.100000e-01	4.384037e-01
7.200000e-01	4.178609e-01
7.300000e-01	3.978766e-01
7.400000e-01	3.784918e-01
7.500000e-01	3.597400e-01
7.600000e-01	3.416468e-01
7.700000e-01	3.242307e-01
7.800000e-01	3.075035e-01
7.900000e-01	2.914709e-01
8.000000e-01	2.761333e-01
8.100000e-01	2.614861e-01
8.200000e-01	2.475207e-01
8.300000e-01	2.342247e-01
8.400000e-01	2.215831e-01
8.500000e-01	2.095779e-01
8.600000e-01	1.981896e-01
8.700000e-01	1.873971e-01
8.800000e-01	1.771780e-01
8.900000e-01	1.675094e-01
9.000000e-01	1.583679e-01
9.100000e-01	1.497299e-01
9.200000e-01	1.415719e-01
9.300000e-01	1.338706e-01
9.400000e-01	1.266031e-01
9.500000e-01	1.197473e-01
9.600000e-01	1.132814e-01
9.700000e-01	1.071844e-01
9.800000e-01	1.014361e-01
9.900000e-01	9.601719e-02
